

circleSize: 0.1
141570
3679
509
356
4406
360
152866
104
5374
15610
74
30
125061

circleSize: 0.2
139785
3779
348
308
4407
395
163465
123
5978
15546
67
28
129503

circleSize: 0.3
140546
4275
484
298
4125
424
167560
106
6175
16609
82
27
132872

circleSize: 0.4
141136
4522
511
343
4211
453
156988
117
5929
18134
80
27
142162

circleSize: 0.5
149312
4243
545
301
4321
416
178257
133
6289
18059
101
28
144975

circleSize: 0.6
141287
4310
651
375
4274
544
177049
100
5791
17931
94
33
139465

circleSize: 0.7
140887
4907
547
356
5092
352
173199
98
5898
16280
94
27
137180

circleSize: 0.8
134669
4466
559
352
5002
379
169937
85
5398
17404
91
31
143082

circleSize: 0.9
134752
3944
530
399
4665
358
166738
107
5668
15041
84
30
136030

circleSize: 1.0
84586
4249
650
929
245
98
83697
10009
543
67349
79974
0
108916
18

circleSize: 1.1
60861
4541
435
352
5341
143
99335
102
4530
9496
117
26
139776

circleSize: 1.2
56553
4227
541
273
4343
135
86063
85
66932
141435
33201
72595
136297

circleSize: 1.3
61317
4374
456
387
4522
195
83254
0
3890
8617
93
0
139899
26145
3459

circleSize: 1.4
65526
4229
0
253
4811
109
71184
0
3145
8969
95
0
144831
28107
3437
1332
19894

circleSize: 0.025
119356
3287
365
226
4327
351
148302
118
5351
13239
72
24
120269

circleSize: 0.05
129858
3954
443
257
4272
356
142418
122
5437
13137
75
34
127078

circleSize: 0.075
135821
4304
532
199
4500
424
157518
107
4943
14593
80
41
125317

circleSize: 0.45
143340
4285
522
360
4344
451
169192
112
6253
17863
95
30
143572

circleSize: 0.475
146897
4465
542
357
4960
410
173281
84
5929
19319
111
35
141098

circleSize: 0.55
145418
4642
553
356
5104
407
168582
113
6061
16909
65
18
141232

circleSize: 0.525
140588
4281
519
363
4910
424
171623
96
6072
19642
107
28
138481

circleSize: 0.5
147274
3887
646
310
4474
446
169810
81
7263
17883
92
32
137929

circleSize: 0.5
148202
4800
527
959
208
161
99601
10631
69
78301
74521
70901
153510

circleSize: 0.5